AREA
-28.424026 -907.469482 -183.993347
26.023911 -908.162109 165.432281
-119.783775 -869.409180 -169.682114
-65.335838 -870.101807 179.743515
-4.372517 -963.931824 -198.600464
2.216790 -959.284180 177.031830
-95.732269 -925.871521 -184.289230
-89.142960 -921.223877 191.343063
62.935722 -945.529785 -198.304581
117.383659 -946.222412 151.121048
86.987228 -1001.992126 -212.911697
93.576538 -997.344482 162.720596

AREA
-53.134296 -851.455872 -168.593872
52.282009 -851.904785 152.017792
-140.341263 -811.837708 -139.864975
-34.924953 -812.286621 180.746689
-28.424026 -907.469482 -183.993347
26.023911 -908.162109 165.432281
-119.783775 -869.409180 -169.682114
-65.335838 -870.101807 179.743515
34.072666 -891.074036 -197.322769
139.488968 -891.522949 123.288895
58.782936 -947.087646 -212.722244
113.230873 -947.780273 136.703384

AREA
-77.042572 -795.278442 -152.269363
77.626099 -795.477112 137.863571
-158.290161 -756.284607 -108.929901
-3.621498 -756.483276 181.203033
-53.134296 -851.455872 -168.593872
52.282009 -851.904785 152.017792
-140.341263 -811.837708 -139.864975
-34.924953 -812.286621 180.746689
4.205025 -834.272278 -195.608826
158.873688 -834.470947 94.524109
28.113300 -890.449707 -211.933334
133.529602 -890.898621 108.678329

AREA
-91.783371 -742.102905 -136.804306
92.830963 -742.062012 125.829910
-170.280518 -713.924072 -81.630447
14.333824 -713.883179 181.003769
-77.042572 -795.278442 -152.269363
77.626099 -795.477112 137.863571
-158.290161 -756.284607 -108.929901
-3.621498 -756.483276 181.203033
-13.286232 -770.281738 -191.978165
171.328094 -770.240845 70.656052
1.454567 -823.457275 -207.443222
156.123230 -823.655945 82.689713

AREA
-107.699478 -684.094238 -119.387573
109.253296 -683.790100 112.156494
-177.722107 -655.862610 -53.814667
39.230667 -655.558472 177.729401
-91.783371 -742.102905 -136.804306
92.830963 -742.062012 125.829910
-170.280518 -713.924072 -81.630447
14.333824 -713.883179 181.003769
-37.676849 -712.325867 -184.960480
179.275925 -712.021729 46.583588
-21.760742 -770.334534 -202.377213
162.853592 -770.293640 60.257004

AREA
-121.929184 -630.919312 -102.873779
124.337418 -630.374390 99.101974
-182.792938 -602.639771 -28.739632
63.473667 -602.094849 173.236115
-107.699478 -684.094238 -119.387573
109.253296 -683.790100 112.156494
-177.722107 -655.862610 -53.814667
39.230667 -655.558472 177.729401
-61.065434 -659.198853 -177.007935
185.201172 -658.653931 24.967827
-46.835728 -712.373779 -193.521729
170.117050 -712.069641 38.022346

AREA
-136.366531 -572.682007 -82.668549
144.558731 -574.339600 83.485672
-184.414993 -540.442566 -1.108955
96.510269 -542.100159 165.045258
-121.929184 -630.919312 -102.873779
124.337418 -630.374390 99.101974
-182.792938 -602.639771 -28.739632
63.473667 -602.094849 173.236115
-88.318069 -604.921448 -164.228149
192.607193 -606.579041 1.926079
-73.880722 -663.158752 -184.433380
172.385880 -662.613831 17.542381

AREA
-149.015747 -519.817932 -63.970345
163.976288 -517.767639 68.005318
-186.227158 -489.656738 23.811287
126.764877 -487.606445 155.786957
-136.366531 -572.682007 -82.668549
144.558731 -574.339600 83.485672
-184.414993 -540.442566 -1.108955
96.510269 -542.100159 165.045258
-111.804337 -549.979126 -151.751984
201.187698 -547.928833 -19.776314
-99.155121 -602.843201 -170.450180
181.770142 -604.500793 -4.295959

AREA
-160.278137 -461.442719 -44.400887
180.487305 -461.369263 52.533638
-186.641525 -434.619965 48.257149
154.123917 -434.546509 145.191681
-149.015747 -519.817932 -63.970345
163.976288 -517.767639 68.005318
-186.227158 -489.656738 23.811287
126.764877 -487.606445 155.786957
-133.914749 -488.265472 -137.058929
206.850693 -488.192017 -40.124397
-122.652351 -546.640686 -156.628387
190.339676 -544.590393 -24.652718

AREA
-156.808258 -406.234467 -29.827976
174.497467 -408.152527 38.232586
-176.439438 -386.798279 66.280579
154.866287 -388.716370 134.341141
-160.278137 -461.442719 -44.400887
180.487305 -461.369263 52.533638
-186.641525 -434.619965 48.257149
154.123917 -434.546509 145.191681
-137.177078 -425.670654 -125.936523
194.128647 -427.588684 -57.875965
-140.646957 -480.878906 -140.509430
200.118484 -480.805420 -43.574913

AREA
-153.205811 -351.007080 -14.965411
168.375122 -354.954926 23.641876
-164.617661 -330.325958 82.204857
156.963272 -334.273804 120.812141
-156.808258 -406.234467 -29.827976
174.497467 -408.152527 38.232586
-176.439438 -386.798279 66.280579
154.866287 -388.716370 134.341141
-141.793961 -371.688202 -112.135674
179.786972 -375.636047 -73.528389
-145.396408 -426.915588 -126.998245
185.909317 -428.833649 -58.937679

AREA
-148.297241 -296.575745 -0.736547
160.989349 -296.369812 7.760277
-150.992630 -274.911530 96.851349
158.293961 -274.705597 105.348175
-153.205811 -351.007080 -14.965411
168.375122 -354.954926 23.641876
-164.617661 -330.325958 82.204857
156.963272 -334.273804 120.812141
-145.601852 -318.239960 -98.324448
163.684738 -318.034027 -89.827621
-150.510422 -372.671295 -112.553307
171.070511 -376.619141 -73.946022

AREA
-130.886597 -244.356857 0.856814
148.871979 -242.936661 0.261847
-130.738205 -232.015167 100.092194
149.020370 -230.594971 99.497231
-148.297241 -296.575745 -0.736547
160.989349 -296.369812 7.760277
-150.992630 -274.911530 96.851349
158.293961 -274.705597 105.348175
-131.034988 -256.698547 -98.378571
148.723587 -255.278351 -98.973534
-148.445633 -308.917419 -99.971931
160.840958 -308.711487 -91.475105

AREA
-104.421333 -196.094467 0.712821
133.307373 -195.749390 0.428259
-104.301270 -196.347839 100.712425
133.427444 -196.002762 100.427864
-130.886597 -244.356857 0.856814
148.871979 -242.936661 0.261847
-130.738205 -232.015167 100.092194
149.020370 -230.594971 99.497231
-104.541397 -195.841095 -99.286781
133.187302 -195.496017 -99.571342
-131.006668 -244.103485 -99.142792
148.751907 -242.683289 -99.737755

AREA
-73.916939 -144.598206 1.883322
106.580391 -141.638000 -1.038494
-72.342888 -141.919922 101.835052
108.154442 -138.959717 98.913231
-104.421333 -196.094467 0.712821
133.307373 -195.749390 0.428259
-104.301270 -196.347839 100.712425
133.427444 -196.002762 100.427864
-75.490990 -147.276489 -98.068405
105.006340 -144.316284 -100.990227
-105.995384 -198.772751 -99.238907
131.733322 -198.427673 -99.523468

AREA
-53.333176 -94.125847 0.518707
64.989197 -92.023445 -1.398106
-51.750198 -92.073341 100.485107
66.572174 -89.970940 98.568291
-73.916939 -144.598206 1.883322
106.580391 -141.638000 -1.038494
-72.342888 -141.919922 101.835052
108.154442 -138.959717 98.913231
-54.916153 -96.178352 -99.447693
63.406219 -94.075951 -101.364510
-75.499916 -146.650711 -98.083076
104.997414 -143.690506 -101.004898

AREA
-50.917160 -45.586521 -0.567364
45.877480 -39.861008 1.372991
-52.685192 -49.554100 99.338257
44.109447 -43.828587 101.278610
-53.333176 -94.125847 0.518707
64.989197 -92.023445 -1.398106
-51.750198 -92.073341 100.485107
66.572174 -89.970940 98.568291
-49.149128 -41.618942 -100.472977
47.645512 -35.893429 -98.532623
-51.565144 -90.158272 -99.386909
66.757225 -88.055870 -101.303726

AREA
-6.374641 41.006386 0.032850
41.888424 -41.325195 0.032850
-3.544720 42.665295 99.979034
44.718346 -39.666286 99.979034
-50.917160 -45.586521 -0.567364
45.877480 -39.861008 1.372991
-52.685192 -49.554100 99.338257
44.109447 -43.828587 101.278610
-9.204562 39.347477 -99.913330
39.058502 -42.984104 -99.913330
-53.747082 -47.245430 -100.513542
43.047558 -41.519917 -98.573189

AREA
37.925278 65.062042 0.032849
86.172691 -17.780079 0.032854
37.925270 65.062042 100.032852
86.172684 -17.780077 100.032852
-6.374641 41.006386 0.032850
41.888424 -41.325195 0.032850
-3.544720 42.665295 99.979034
44.718346 -39.666286 99.979034
37.925285 65.062042 -99.967148
86.172699 -17.780081 -99.967148
-6.374634 41.006382 -99.967148
41.888432 -41.325199 -99.967148

AREA
82.879395 90.039154 0.032850
130.021057 7.749542 0.032854
82.879395 90.039154 100.032852
130.021057 7.749546 100.032852
37.925278 65.062042 0.032849
86.172691 -17.780079 0.032854
37.925270 65.062042 100.032852
86.172684 -17.780077 100.032852
82.879395 90.039154 -99.967148
130.021057 7.749539 -99.967148
37.925278 65.062042 -99.967148
86.172691 -17.780083 -99.967148

AREA
127.845642 115.021332 0.032851
173.857254 33.274071 0.032853
127.845642 115.021332 100.032852
173.857254 33.274071 100.032852
82.879395 90.039154 0.032850
130.021057 7.749542 0.032854
82.879395 90.039154 100.032852
130.021057 7.749546 100.032852
127.845642 115.021332 -99.967148
173.857254 33.274071 -99.967148
82.879395 90.039154 -99.967148
130.021057 7.749540 -99.967148

AREA
170.769730 141.418488 0.029599
218.372757 56.559288 0.040149
170.757690 141.424164 100.029602
218.360718 56.564964 100.040146
127.845642 115.021332 0.032851
173.857254 33.274071 0.032853
127.845642 115.021332 100.032852
173.857254 33.274071 100.032852
170.781769 141.412811 -99.970398
218.384796 56.553612 -99.959854
127.857689 115.015656 -99.967148
173.869293 33.268394 -99.967148

AREA
178.263977 151.657028 0.025438
268.913818 122.741119 0.048961
178.240570 151.665024 100.025436
268.890411 122.749107 100.048958
170.769730 141.418488 0.029599
218.372757 56.559288 0.040149
170.757690 141.424164 100.029602
218.360718 56.564964 100.040146
178.287384 151.649033 -99.974564
268.937225 122.733131 -99.951042
170.793137 141.410492 -99.970398
218.396164 56.551300 -99.959854

AREA
180.333694 187.908661 0.024744
272.604431 186.974396 0.050064
180.306259 187.909271 100.024734
272.576996 186.975006 100.050056
178.263977 151.657028 0.025438
268.913818 122.741119 0.048961
178.240570 151.665024 100.025436
268.890411 122.749107 100.048958
180.361130 187.908051 -99.975250
272.631866 186.973785 -99.949928
178.291412 151.656418 -99.974556
268.941254 122.740517 -99.951035

AREA
180.846436 238.530151 0.024705
272.604492 237.618591 0.050152
180.818710 238.530151 100.024696
272.576752 237.618591 100.050140
180.333694 187.908661 0.024744
272.604431 186.974396 0.050064
180.306259 187.909271 100.024734
272.576996 186.975006 100.050056
180.874161 238.530151 -99.975288
272.632233 237.618591 -99.949844
180.361420 187.908661 -99.975250
272.632172 186.974396 -99.949928

AREA
198.536362 313.632904 0.053063
273.486389 259.084137 -0.008752
198.660721 313.690460 100.052971
273.610748 259.141693 99.991158
180.846436 238.530151 0.024705
272.604492 237.618591 0.050152
180.818710 238.530151 100.024696
272.576752 237.618591 100.050140
198.412003 313.575348 -99.946846
273.362030 259.026581 -100.008659
180.722076 238.472595 -99.975204
272.480133 237.561035 -99.949760

AREA
248.362091 354.033997 -0.209290
301.556946 280.697235 0.103612
248.164169 354.317108 99.790115
301.359009 280.980347 100.103020
198.536362 313.632904 0.053063
273.486389 259.084137 -0.008752
198.660721 313.690460 100.052971
273.610748 259.141693 99.991158
248.560013 353.750885 -100.208694
301.754883 280.414124 -99.895790
198.734283 313.349792 -99.946342
273.684326 258.801025 -100.008156

AREA
291.188385 378.746826 0.035721
345.494873 307.076111 0.027738
291.144836 378.702667 100.035706
345.451324 307.031952 100.027725
248.362091 354.033997 -0.209290
301.556946 280.697235 0.103612
248.164169 354.317108 99.790115
301.359009 280.980347 100.103020
291.231934 378.790985 -99.964264
345.538422 307.120270 -99.972244
248.405655 354.078156 -100.209274
301.600494 280.741394 -99.896370

AREA
337.817932 406.064453 -0.146307
383.086731 325.861450 0.404331
337.176605 406.389008 99.851112
382.445404 326.186005 100.401749
291.188385 378.746826 0.035721
345.494873 307.076111 0.027738
291.144836 378.702667 100.035706
345.451324 307.031952 100.027725
338.459259 405.739899 -100.143730
383.728058 325.536896 -99.593094
291.829712 378.422272 -99.961700
346.136200 306.751556 -99.969681

AREA
381.502777 428.418915 -0.347336
429.464874 349.702454 0.821543
380.560883 429.329803 99.644089
428.522980 350.613342 100.812965
337.817932 406.064453 -0.146307
383.086731 325.861450 0.404331
337.176605 406.389008 99.851112
382.445404 326.186005 100.401749
382.444672 427.508026 -100.338760
430.406769 348.791565 -99.169884
338.759827 405.153564 -100.137733
384.028625 324.950562 -99.587097

AREA
434.769440 452.119171 -0.615668
471.909302 371.405396 1.306058
433.397888 453.868378 99.359627
470.537750 373.154602 101.281357
381.502777 428.418915 -0.347336
429.464874 349.702454 0.821543
380.560883 429.329803 99.644089
428.522980 350.613342 100.812965
436.140991 450.369965 -100.590965
473.280853 369.656189 -98.669235
382.874329 426.669708 -100.322632
430.836426 347.953247 -99.153755

AREA
499.197632 466.296326 -0.592983
506.069946 375.786987 1.301613
498.829285 468.361145 99.385025
505.701599 377.851807 101.279617
434.769440 452.119171 -0.615668
471.909302 371.405396 1.306058
433.397888 453.868378 99.359627
470.537750 373.154602 101.281357
499.565979 464.231506 -100.570984
506.438293 373.722168 -98.676392
435.137787 450.054352 -100.593674
472.277649 369.340576 -98.671944

AREA
548.682373 473.690155 -0.569700
555.970032 382.019043 1.278331
548.432922 475.685852 99.410065
555.720581 384.014740 101.258095
499.197632 466.296326 -0.592983
506.069946 375.786987 1.301613
498.829285 468.361145 99.385025
505.701599 377.851807 101.279617
548.931824 471.694458 -100.549469
556.219482 380.023346 -98.701439
499.447083 464.300629 -100.572746
506.319397 373.791290 -98.678154

AREA
578.963318 491.588501 -4.160233
619.560974 399.638855 2.726127
577.099976 498.237183 95.601097
617.697632 406.287537 102.487457
548.682373 473.690155 -0.569700
555.970032 382.019043 1.278331
548.432922 475.685852 99.410065
555.720581 384.014740 101.258095
580.826660 484.939819 -103.921562
621.424316 392.990173 -97.035202
550.545715 467.041473 -100.331032
557.833374 375.370361 -98.483002

AREA
615.638794 511.471558 -7.538293
669.813477 417.745361 3.800745
612.142944 521.480774 91.898094
666.317627 427.754578 103.237129
578.963318 491.588501 -4.160233
619.560974 399.638855 2.726127
577.099976 498.237183 95.601097
617.697632 406.287537 102.487457
619.134644 501.462341 -106.974678
673.309326 407.736145 -95.635643
582.459167 481.579285 -103.596619
623.056824 389.629639 -96.710258

AREA
644.119812 539.718445 -14.024983
717.248474 465.885773 6.484305
630.174744 553.158447 84.081596
703.303406 479.325806 104.590889
615.638794 511.471558 -7.538293
669.813477 417.745361 3.800745
612.142944 521.480774 91.898094
666.317627 427.754578 103.237129
658.064880 526.278442 -112.131569
731.193542 452.445740 -91.622276
629.583862 498.031525 -105.644875
683.758545 404.305328 -94.305840

AREA
652.366028 562.584656 -19.630505
751.057678 520.423523 8.208244
630.777893 575.919128 77.096664
729.469543 533.757996 104.935417
644.119812 539.718445 -14.024983
717.248474 465.885773 6.484305
630.174744 553.158447 84.081596
703.303406 479.325806 104.590889
673.954163 549.250183 -116.357681
772.645813 507.089050 -88.518929
665.707947 526.383972 -110.752159
738.836609 452.551300 -90.242867

AREA
664.118164 597.746826 -31.872818
757.930298 582.618286 13.633029
621.235535 603.089783 58.307732
715.047668 587.961243 103.813576
652.366028 562.584656 -19.630505
751.057678 520.423523 8.208244
630.777893 575.919128 77.096664
729.469543 533.757996 104.935417
707.000793 592.403870 -122.053368
800.812927 577.275330 -76.547523
695.248657 557.241699 -109.811050
793.940308 515.080566 -81.972305

AREA
663.448975 617.210571 -46.415516
741.785889 653.223938 19.332783
603.116394 604.664429 32.340893
681.453308 640.677795 98.089188
664.118164 597.746826 -31.872818
757.930298 582.618286 13.633029
621.235535 603.089783 58.307732
715.047668 587.961243 103.813576
723.781555 629.756714 -125.171921
802.118469 665.770081 -59.423626
724.450745 610.292969 -110.629227
818.262878 595.164429 -65.123383

AREA
667.264832 665.599670 -68.197647
701.842224 700.739563 28.750002
590.048462 619.867798 -24.081535
624.625854 655.007690 72.866112
663.448975 617.210571 -46.415516
741.785889 653.223938 19.332783
603.116394 604.664429 32.340893
681.453308 640.677795 98.089188
744.481201 711.331543 -112.313759
779.058594 746.471436 -15.366110
740.665344 662.942444 -90.531631
819.002258 698.955811 -24.783329

AREA
650.177856 704.523682 -76.170547
659.364258 734.904663 26.162422
580.429993 637.776367 -50.093128
589.616394 668.157349 52.239841
667.264832 665.599670 -68.197647
701.842224 700.739563 28.750002
590.048462 619.867798 -24.081535
624.625854 655.007690 72.866112
719.925720 771.270996 -102.247971
729.112122 801.651978 0.085003
737.012695 732.346985 -94.275070
771.590088 767.486877 2.672583

AREA
620.466187 741.716980 -83.002762
618.155273 766.790955 20.877163
553.973694 668.787170 -66.878578
551.662781 693.861145 37.001347
650.177856 704.523682 -76.170547
659.364258 734.904663 26.162422
580.429993 637.776367 -50.093128
589.616394 668.157349 52.239841
686.958679 814.646790 -99.126945
684.647766 839.720764 4.752979
716.670349 777.453491 -92.294731
725.856750 807.834473 10.038239

AREA
575.268982 769.679382 -89.131813
580.518005 784.163757 17.260284
528.958618 682.193115 -74.936493
534.207642 696.677490 31.455605
620.466187 741.716980 -83.002762
618.155273 766.790955 20.877163
553.973694 668.787170 -66.878578
551.662781 693.861145 37.001347
621.579346 857.165649 -103.327133
626.828369 871.650024 3.064964
666.776489 829.203247 -97.198082
664.465576 854.277222 6.681843

AREA
537.642578 785.650757 -93.337311
529.251587 800.924194 13.236313
504.101013 692.061584 -82.565567
495.710022 707.335022 24.008059
575.268982 769.679382 -89.131813
580.518005 784.163757 17.260284
528.958618 682.193115 -74.936493
534.207642 696.677490 31.455605
571.184143 879.239929 -104.109055
562.793152 894.513367 2.464567
608.810547 863.268555 -99.903557
614.059570 877.752930 6.488539

AREA
491.258270 793.946655 -96.508591
473.079559 815.406006 8.075832
467.054474 698.157593 -81.061012
448.875763 719.616943 23.523409
537.642578 785.650757 -93.337311
529.251587 800.924194 13.236313
504.101013 692.061584 -82.565567
495.710022 707.335022 24.008059
515.462097 889.735718 -111.956169
497.283356 911.195068 -7.371744
561.846375 881.439819 -108.784889
553.455383 896.713257 -2.211264

AREA
443.892639 788.523132 -94.582253
423.984375 824.653015 2.683060
431.649994 694.694763 -62.234840
411.741730 730.824646 35.030472
491.258270 793.946655 -96.508591
473.079559 815.406006 8.075832
467.054474 698.157593 -81.061012
448.875763 719.616943 23.523409
456.135284 882.351501 -126.929665
436.227020 918.481384 -29.664352
503.500916 887.775024 -128.856003
485.322205 909.234375 -24.271580

AREA
400.503998 766.118896 -84.773979
374.704163 810.868164 -3.176224
426.544800 685.172119 -32.148018
400.744965 729.921387 49.449738
443.892639 788.523132 -94.582253
423.984375 824.653015 2.683060
431.649994 694.694763 -62.234840
411.741730 730.824646 35.030472
374.463196 847.065674 -137.399933
348.663361 891.814941 -55.802185
417.851837 869.469910 -147.208221
397.943573 905.599792 -49.942902

AREA
367.264679 750.414307 -83.348984
332.350250 774.059814 -6.939533
419.608734 678.752502 -37.254646
384.694305 702.398010 39.154804
400.503998 766.118896 -84.773979
374.704163 810.868164 -3.176224
426.544800 685.172119 -32.148018
400.744965 729.921387 49.449738
314.920624 822.076111 -129.443329
280.006195 845.721619 -53.033871
348.159943 837.780701 -130.868317
322.360107 882.529968 -49.270561

AREA
343.719391 708.394287 -95.687851
294.672882 739.181091 -13.774841
398.886169 646.761536 -39.491489
349.839661 677.548340 42.421520
367.264679 750.414307 -83.348984
332.350250 774.059814 -6.939533
419.608734 678.752502 -37.254646
384.694305 702.398010 39.154804
288.552612 770.027039 -151.884216
239.506104 800.813843 -69.971207
312.097900 812.047058 -139.545349
277.183472 835.692566 -63.135895

AREA
332.282867 666.009521 -108.309059
258.076691 692.566772 -25.423630
386.821594 613.785767 -42.748352
312.615417 640.343018 40.137077
343.719391 708.394287 -95.687851
294.672882 739.181091 -13.774841
398.886169 646.761536 -39.491489
349.839661 677.548340 42.421520
277.744141 718.233276 -173.869766
203.537964 744.790527 -90.984337
289.180664 760.618042 -161.248566
240.134155 791.404846 -79.335548

AREA
335.205261 632.009583 -115.254745
233.689331 627.336975 -43.480217
390.061127 595.478455 -40.046295
288.545197 590.805847 31.728233
332.282867 666.009521 -108.309059
258.076691 692.566772 -25.423630
386.821594 613.785767 -42.748352
312.615417 640.343018 40.137077
280.349396 668.540710 -190.463196
178.833450 663.868103 -118.688667
277.427002 702.540649 -183.517517
203.220810 729.097900 -100.632080

AREA
341.644043 612.401855 -118.016220
245.958328 570.941895 -58.621658
396.849335 603.806396 -35.079529
301.163605 562.346436 24.315033
335.205261 632.009583 -115.254745
233.689331 627.336975 -43.480217
390.061127 595.478455 -40.046295
288.545197 590.805847 31.728233
286.438751 620.997314 -200.952911
190.753052 579.537354 -141.558350
279.999969 640.605042 -198.191437
178.484055 635.932434 -126.416908

AREA
348.952637 584.376831 -128.000473
292.801392 516.756165 -60.174870
401.297516 619.000244 -50.146545
345.146271 551.379578 17.679058
341.644043 612.401855 -118.016220
245.958328 570.941895 -58.621658
396.849335 603.806396 -35.079529
301.163605 562.346436 24.315033
296.607758 549.753418 -205.854401
240.456512 482.132751 -138.028793
289.299164 577.778442 -195.870148
193.613449 536.318481 -136.475586

AREA
370.242981 540.004822 -140.823578
332.790405 483.102295 -58.158436
428.444885 592.237854 -78.499832
390.992310 535.335327 4.165314
348.952637 584.376831 -128.000473
292.801392 516.756165 -60.174870
401.297516 619.000244 -50.146545
345.146271 551.379578 17.679058
312.041077 487.771790 -203.147324
274.588501 430.869263 -120.482185
290.750732 532.143799 -190.324219
234.599487 464.523132 -122.498619

AREA
411.454132 505.004486 -153.549271
378.130646 450.883881 -58.043274
464.142273 569.744385 -98.479279
430.818787 515.623779 -2.973286
370.242981 540.004822 -140.823578
332.790405 483.102295 -58.158436
428.444885 592.237854 -78.499832
390.992310 535.335327 4.165314
358.765991 440.264557 -208.619263
325.442505 386.143951 -113.113266
317.554840 475.264893 -195.893570
280.102264 418.362366 -113.228424

AREA
448.665436 471.626038 -165.554535
422.001617 428.902954 -60.143242
498.165344 547.072693 -122.455070
471.501526 504.349609 -17.043777
411.454132 505.004486 -153.549271
378.130646 450.883881 -58.043274
464.142273 569.744385 -98.479279
430.818787 515.623779 -2.973286
399.165527 396.179382 -208.653992
372.501709 353.456299 -103.242706
361.954224 429.557861 -196.648743
328.630737 375.437256 -101.142738

AREA
470.219238 462.177521 -171.829468
485.444672 415.910431 -72.179825
497.960266 550.867310 -134.889526
513.185669 504.600220 -35.239887
448.665436 471.626038 -165.554535
422.001617 428.902954 -60.143242
498.165344 547.072693 -122.455070
471.501526 504.349609 -17.043777
442.478210 373.487732 -208.769409
457.703644 327.220642 -109.119766
420.924408 382.936249 -202.494476
394.260590 340.213165 -97.083176

AREA
521.734131 456.276917 -179.811874
532.212280 404.413788 -83.438217
548.933960 542.218628 -136.519943
559.412109 490.355499 -40.146286
470.219238 462.177521 -171.829468
485.444672 415.910431 -72.179825
497.960266 550.867310 -134.889526
513.185669 504.600220 -35.239887
494.534271 370.335205 -223.103806
505.012421 318.472076 -126.730148
443.019379 376.235809 -215.121399
458.244812 329.968719 -115.471756

AREA
572.227600 447.705322 -189.004181
581.748108 400.064056 -91.488876
589.123596 536.904541 -147.075333
598.644104 489.263275 -49.560028
521.734131 456.276917 -179.811874
532.212280 404.413788 -83.438217
548.933960 542.218628 -136.519943
559.412109 490.355499 -40.146286
555.331604 358.506104 -230.933029
564.852112 310.864838 -133.417725
504.838135 367.077698 -221.740723
515.316284 315.214569 -125.367065

AREA
611.605957 440.416718 -195.792465
642.350952 394.646759 -101.940277
628.121460 531.087402 -156.984360
658.866455 485.317413 -63.132175
572.227600 447.705322 -189.004181
581.748108 400.064056 -91.488876
589.123596 536.904541 -147.075333
598.644104 489.263275 -49.560028
595.090454 349.746063 -234.600571
625.835449 303.976105 -140.748383
555.712097 357.034668 -227.812286
565.232605 309.393402 -130.296982

AREA
650.969604 469.579224 -194.367096
695.966064 406.434570 -114.769936
638.098022 543.598450 -128.371078
683.094482 480.453796 -48.773918
611.605957 440.416718 -195.792465
642.350952 394.646759 -101.940277
628.121460 531.087402 -156.984360
658.866455 485.317413 -63.132175
663.841187 395.559998 -260.363098
708.837646 332.415344 -180.765961
624.477539 366.397461 -261.788483
655.222534 320.627502 -167.936295

AREA
685.685425 494.722931 -194.415253
741.747192 433.589386 -123.909546
659.126709 556.106445 -120.073463
715.188477 494.972870 -49.567757
650.969604 469.579224 -194.367096
695.966064 406.434570 -114.769936
638.098022 543.598450 -128.371078
683.094482 480.453796 -48.773918
712.244141 433.339447 -268.757050
768.305908 372.205902 -198.251343
677.528320 408.195740 -268.708893
722.524780 345.051086 -189.111725

AREA
725.037842 521.553101 -195.299545
789.362549 467.125275 -132.259628
696.522583 577.768433 -117.667603
760.847290 523.340576 -54.627686
685.685425 494.722931 -194.415253
741.747192 433.589386 -123.909546
659.126709 556.106445 -120.073463
715.188477 494.972870 -49.567757
753.553101 465.337769 -272.931488
817.877808 410.909973 -209.891571
714.200684 438.507629 -272.047180
770.262451 377.374084 -201.541489

AREA
767.963989 547.994324 -199.621277
825.344727 503.146362 -134.769821
726.744263 601.690369 -126.016472
784.125000 556.842407 -61.165016
725.037842 521.553101 -195.299545
789.362549 467.125275 -132.259628
696.522583 577.768433 -117.667603
760.847290 523.340576 -54.627686
809.183716 494.298248 -273.226074
866.564453 449.450287 -208.374634
766.257568 467.857025 -268.904358
830.582275 413.429199 -205.864441

AREA
795.862427 591.073853 -192.699646
864.813232 534.447510 -145.085968
768.741150 631.498413 -105.348099
837.691956 574.872070 -57.734421
767.963989 547.994324 -199.621277
825.344727 503.146362 -134.769821
726.744263 601.690369 -126.016472
784.125000 556.842407 -61.165016
822.983704 550.649292 -280.051208
891.934509 494.022980 -232.437515
795.085266 507.569794 -286.972839
852.466003 462.721832 -222.121368

AREA
820.435974 633.778992 -184.539169
907.147888 573.630798 -155.742188
806.154358 659.010376 -88.834343
892.866272 598.862183 -60.037361
795.862427 591.073853 -192.699646
864.813232 534.447510 -145.085968
768.741150 631.498413 -105.348099
837.691956 574.872070 -57.734421
834.717590 608.547607 -280.243988
921.429504 548.399414 -251.447021
810.144043 565.842468 -288.404480
879.094849 509.216125 -240.790802

AREA
850.328430 679.638123 -181.842453
927.706665 610.929504 -156.504929
829.135010 691.541321 -84.841660
906.513245 622.832703 -59.504135
820.435974 633.778992 -184.539169
907.147888 573.630798 -155.742188
806.154358 659.010376 -88.834343
892.866272 598.862183 -60.037361
871.521851 667.734924 -278.843262
948.900085 599.026306 -253.505722
841.629395 621.875793 -281.539978
928.341309 561.727600 -252.742981

AREA
869.408752 713.575684 -179.024170
959.366272 665.522034 -157.423798
851.339417 723.724182 -81.195190
941.296936 675.670532 -59.594818
850.328430 679.638123 -181.842453
927.706665 610.929504 -156.504929
829.135010 691.541321 -84.841660
906.513245 622.832703 -59.504135
887.478088 703.427185 -276.853149
977.435608 655.373535 -255.252777
868.397766 669.489624 -279.671448
945.776001 600.781006 -254.333908

AREA
881.750061 761.438477 -172.914581
985.338196 710.880981 -160.402222
872.325378 766.731812 -73.500519
975.913513 716.174316 -60.988159
869.408752 713.575684 -179.024170
959.366272 665.522034 -157.423798
851.339417 723.724182 -81.195190
941.296936 675.670532 -59.594818
891.174744 756.145142 -272.328644
994.762878 705.587646 -259.816284
878.833435 708.282349 -278.438232
968.790955 660.228699 -256.837860

AREA
891.658997 800.242004 -168.561340
1003.823547 768.581848 -161.937439
886.240295 801.932983 -68.722580
998.404846 770.272827 -62.098679
881.750061 761.438477 -172.914581
985.338196 710.880981 -160.402222
872.325378 766.731812 -73.500519
975.913513 716.174316 -60.988159
897.077698 798.551025 -268.400085
1009.242249 766.890869 -261.776184
887.168762 759.747498 -272.753357
990.756897 709.190002 -260.240967

AREA
907.122864 847.259094 -164.218491
1017.742981 817.134094 -163.434616
906.465393 847.446960 -64.220818
1017.085510 817.321960 -63.436943
891.658997 800.242004 -168.561340
1003.823547 768.581848 -161.937439
886.240295 801.932983 -68.722580
998.404846 770.272827 -62.098679
907.780334 847.071228 -264.216156
1018.400452 816.946228 -263.432281
892.316467 800.054138 -268.559021
1004.481018 768.393982 -261.935120

AREA
966.966064 906.258484 -164.242401
1036.387573 822.292175 -163.410706
966.520508 906.880554 -64.245323
1035.942017 822.914246 -63.413628
907.122864 847.259094 -164.218491
1017.742981 817.134094 -163.434616
906.465393 847.446960 -64.220818
1017.085510 817.321960 -63.436943
967.411621 905.636414 -264.239471
1036.833130 821.670105 -263.407776
907.568420 846.637024 -264.215576
1018.188538 816.512024 -263.431702

AREA
1023.021240 952.078918 -164.206772
1059.302246 839.829651 -163.446365
1022.634583 952.631348 -64.209038
1058.915649 840.382080 -63.448631
966.966064 906.258484 -164.242401
1036.387573 822.292175 -163.410706
966.520508 906.880554 -64.245323
1035.942017 822.914246 -63.413628
1023.407898 951.526489 -264.204498
1059.688843 839.277222 -263.444092
967.352722 905.706055 -264.240143
1036.774170 821.739746 -263.408447

AREA
1074.809326 959.145386 -164.239243
1097.766113 851.943481 -163.413895
1074.584473 959.867126 -64.242088
1097.541260 852.665222 -63.416740
1023.021240 952.078918 -164.206772
1059.302246 839.829651 -163.446365
1022.634583 952.631348 -64.209038
1058.915649 840.382080 -63.448631
1075.034180 958.423645 -264.236389
1097.990967 851.221741 -263.411041
1023.246094 951.357178 -264.203918
1059.527100 839.107910 -263.443512

AREA
1143.741821 963.128601 -164.232147
1134.088257 852.314148 -163.420959
1143.726807 963.861877 -64.234833
1134.073242 853.047424 -63.423645
1074.809326 959.145386 -164.239243
1097.766113 851.943481 -163.413895
1074.584473 959.867126 -64.242088
1097.541260 852.665222 -63.416740
1143.756836 962.395325 -264.229462
1134.103271 851.580872 -263.418274
1074.824341 958.412109 -264.236572
1097.781128 851.210205 -263.411194

AREA
1194.228638 963.742737 -164.186630
1180.124268 839.849426 -163.466476
1194.379761 964.306824 -64.188332
1180.275391 840.413513 -63.468178
1143.741821 963.128601 -164.232147
1134.088257 852.314148 -163.420959
1143.726807 963.861877 -64.234833
1134.073242 853.047424 -63.423645
1194.077515 963.178650 -264.184937
1179.973145 839.285339 -263.464783
1143.590698 962.564514 -264.230438
1133.937134 851.750061 -263.419250

AREA
1261.035400 919.244507 -164.218109
1196.099854 824.637207 -163.434998
1261.421509 919.807190 -64.220436
1196.485962 825.199890 -63.437325
1194.228638 963.742737 -164.186630
1180.124268 839.849426 -163.466476
1194.379761 964.306824 -64.188332
1180.275391 840.413513 -63.468178
1260.649292 918.681824 -264.215790
1195.713745 824.074524 -263.432678
1193.842529 963.180054 -264.184296
1179.738159 839.286743 -263.464142

AREA
1301.837402 889.012512 -164.225220
1238.465576 795.563293 -163.427887
1302.236938 889.594727 -64.227707
1238.865112 796.145508 -63.430374
1261.035400 919.244507 -164.218109
1196.099854 824.637207 -163.434998
1261.421509 919.807190 -64.220436
1196.485962 825.199890 -63.437325
1301.437866 888.430298 -264.222717
1238.066040 794.981079 -263.425415
1260.635864 918.662292 -264.215637
1195.700317 824.054993 -263.432495

AREA
1344.225952 862.608521 -164.231323
1282.827026 769.621582 -163.421783
1344.593018 863.236755 -64.233971
1283.194092 770.249817 -63.424431
1301.837402 889.012512 -164.225220
1238.465576 795.563293 -163.427887
1302.236938 889.594727 -64.227707
1238.865112 796.145508 -63.430374
1343.858887 861.980286 -264.228668
1282.459961 768.993347 -263.419128
1301.470337 888.384277 -264.222565
1238.098511 794.935059 -263.425232

AREA
1378.532227 844.806580 -164.224564
1337.708008 739.356628 -163.428543
1378.877319 845.427856 -64.227081
1338.053101 739.977905 -63.431061
1344.225952 862.608521 -164.231323
1282.827026 769.621582 -163.421783
1344.593018 863.236755 -64.233971
1283.194092 770.249817 -63.424431
1378.187134 844.185303 -264.222046
1337.362915 738.735352 -263.426025
1343.880859 861.987244 -264.228821
1282.481934 769.000305 -263.419250

AREA
1429.779419 818.425171 -164.230316
1380.709595 718.114258 -163.422791
1430.098145 819.074280 -64.232933
1381.028320 718.763367 -63.425407
1378.532227 844.806580 -164.224564
1337.708008 739.356628 -163.428543
1378.877319 845.427856 -64.227081
1338.053101 739.977905 -63.431061
1429.460693 817.776062 -264.227692
1380.390869 717.465149 -263.420166
1378.213501 844.157471 -264.221954
1337.389282 738.707520 -263.425934

AREA
1454.254150 825.364441 -164.254715
1460.664917 719.115356 -163.398392
1454.204712 826.167419 -64.257942
1460.615479 719.918335 -63.401619
1429.779419 818.425171 -164.230316
1380.709595 718.114258 -163.422791
1430.098145 819.074280 -64.232933
1381.028320 718.763367 -63.425407
1454.303589 824.561462 -264.251495
1460.714355 718.312378 -263.395172
1429.828857 817.622192 -264.227081
1380.759033 717.311279 -263.419556

AREA
1496.706299 834.103271 -164.225418
1513.222778 722.459106 -163.427689
1496.662720 834.811340 -64.227936
1513.179199 723.167175 -63.430206
1454.254150 825.364441 -164.254715
1460.664917 719.115356 -163.398392
1454.204712 826.167419 -64.257942
1460.615479 719.918335 -63.401619
1496.749878 833.395203 -264.222900
1513.266357 721.751038 -263.425171
1454.297729 824.656372 -264.252197
1460.708496 718.407288 -263.395874

AREA
1536.465698 841.832947 -164.277756
1569.458374 744.901062 -163.375336
1536.126953 842.648621 -64.281647
1569.119629 745.716736 -63.379227
1496.706299 834.103271 -164.225418
1513.222778 722.459106 -163.427689
1496.662720 834.811340 -64.227936
1513.179199 723.167175 -63.430206
1536.804443 841.017273 -264.273865
1569.797119 744.085388 -263.371460
1497.045044 833.287598 -264.221527
1513.561523 721.643433 -263.423798

AREA
1584.188843 865.093994 -171.930252
1620.493042 769.778320 -160.217010
1579.184937 875.396118 -72.588280
1615.489136 780.080444 -60.875038
1536.465698 841.832947 -164.277756
1569.458374 744.901062 -163.375336
1536.126953 842.648621 -64.281647
1569.119629 745.716736 -63.379227
1589.192749 854.791870 -271.272217
1625.496948 759.476196 -259.558990
1541.469604 831.530823 -263.619720
1574.462280 734.598938 -262.717316

AREA
1606.950928 886.421021 -181.994400
1676.468262 801.537598 -155.865799
1594.442261 906.109375 -84.752930
1663.959595 821.225952 -58.624329
1584.188843 865.093994 -171.930252
1620.493042 769.778320 -160.217010
1579.184937 875.396118 -72.588280
1615.489136 780.080444 -60.875038
1619.459595 866.732666 -279.235870
1688.976929 781.849243 -253.107269
1596.697510 845.405640 -269.171722
1633.001709 750.089966 -257.458496

AREA
1642.053345 908.687683 -201.327606
1704.555298 856.489441 -135.098038
1580.977905 931.690247 -125.560394
1643.479858 879.492004 -59.330826
1606.950928 886.421021 -181.994400
1676.468262 801.537598 -155.865799
1594.442261 906.109375 -84.752930
1663.959595 821.225952 -58.624329
1703.128784 885.685120 -277.094818
1765.630737 833.486877 -210.865250
1668.026367 863.418457 -257.761597
1737.543701 778.535034 -231.633011

AREA
1682.969604 929.463379 -216.886261
1724.218140 908.632935 -118.903709
1602.358765 970.480469 -174.230774
1643.607300 949.650024 -76.248222
1642.053345 908.687683 -201.327606
1704.555298 856.489441 -135.098038
1580.977905 931.690247 -125.560394
1643.479858 879.492004 -59.330826
1763.580444 888.446289 -259.541748
1804.828979 867.615845 -161.559204
1722.664185 867.670593 -243.983093
1785.166138 815.472351 -177.753525

AREA
1712.142456 967.660950 -225.249344
1744.977905 961.839172 -109.561386
1624.096924 1006.667847 -198.296631
1656.932373 1000.846069 -82.608673
1682.969604 929.463379 -216.886261
1724.218140 908.632935 -118.903709
1602.358765 970.480469 -174.230774
1643.607300 949.650024 -76.248222
1800.187988 928.654053 -252.202057
1833.023438 922.832275 -136.514099
1771.015137 890.456482 -243.838974
1812.263672 869.626038 -145.856430

AREA
1746.714600 1009.232544 -232.551605
1733.248047 1016.195557 -107.028931
1647.283691 1008.875122 -243.199051
1633.817139 1015.838135 -117.676376
1712.142456 967.660950 -225.249344
1744.977905 961.839172 -109.561386
1624.096924 1006.667847 -198.296631
1656.932373 1000.846069 -82.608673
1846.145508 1009.589966 -221.904160
1832.678955 1016.552979 -96.381485
1811.573364 968.018372 -214.601898
1844.408813 962.196594 -98.913940

AREA
1763.983398 1062.638550 -242.497681
1728.543213 1066.651611 -106.214775
1667.203125 1062.745728 -267.668488
1631.762939 1066.758789 -131.385590
1746.714600 1009.232544 -232.551605
1733.248047 1016.195557 -107.028931
1647.283691 1008.875122 -243.199051
1633.817139 1015.838135 -117.676376
1860.763672 1062.531372 -217.326874
1825.323486 1066.544434 -81.043968
1843.494873 1009.125366 -207.380798
1830.028320 1016.088379 -81.858124

AREA
1772.895874 1110.074463 -252.885193
1721.555054 1123.401367 -112.629303
1679.196045 1099.497803 -286.179108
1627.855225 1112.824707 -145.923218
1763.983398 1062.638550 -242.497681
1728.543213 1066.651611 -106.214775
1667.203125 1062.745728 -267.668488
1631.762939 1066.758789 -131.385590
1866.595703 1120.651123 -219.591278
1815.254883 1133.978027 -79.335381
1857.683228 1073.215210 -209.203766
1822.243042 1077.228271 -72.920853

AREA
1787.095703 1167.224487 -253.600861
1707.727295 1169.664551 -128.064362
1705.479248 1140.205078 -304.676392
1626.110840 1142.645142 -179.139877
1772.895874 1110.074463 -252.885193
1721.555054 1123.401367 -112.629303
1679.196045 1099.497803 -286.179108
1627.855225 1112.824707 -145.923218
1868.712158 1194.243896 -202.525345
1789.343750 1196.683960 -76.988846
1854.512329 1137.093872 -201.809677
1803.171509 1150.420776 -61.553783

AREA
1800.458984 1218.012695 -249.558502
1695.950928 1217.802490 -144.580322
1732.184570 1191.336792 -317.580566
1627.676514 1191.126587 -212.602386
1787.095703 1167.224487 -253.600861
1707.727295 1169.664551 -128.064362
1705.479248 1140.205078 -304.676392
1626.110840 1142.645142 -179.139877
1868.733398 1244.688599 -181.536438
1764.225342 1244.478394 -76.558258
1855.370117 1193.900391 -185.578796
1776.001709 1196.340454 -60.042297

AREA
1812.376831 1266.889648 -243.880981
1690.238647 1273.440674 -161.598419
1756.948853 1246.246216 -324.513367
1634.810669 1252.797241 -242.230804
1800.458984 1218.012695 -249.558502
1695.950928 1217.802490 -144.580322
1732.184570 1191.336792 -317.580566
1627.676514 1191.126587 -212.602386
1867.804810 1287.533081 -163.248596
1745.666626 1294.084106 -80.966034
1855.886963 1238.656128 -168.926117
1751.378906 1238.445923 -63.947937

AREA
1823.108276 1317.514648 -237.941895
1686.230469 1322.322510 -176.571320
1782.451172 1297.288818 -327.036896
1645.573364 1302.096680 -265.666321
1812.376831 1266.889648 -243.880981
1690.238647 1273.440674 -161.598419
1756.948853 1246.246216 -324.513367
1634.810669 1252.797241 -242.230804
1863.765381 1337.740479 -148.846893
1726.887573 1342.548340 -87.476326
1853.033936 1287.115479 -154.785980
1730.895752 1293.666504 -72.503426

AREA
1825.708984 1373.671143 -223.118439
1683.217041 1369.671875 -191.797348
1805.128418 1354.850342 -319.150818
1662.636475 1350.851074 -287.829712
1823.108276 1317.514648 -237.941895
1686.230469 1322.322510 -176.571320
1782.451172 1297.288818 -327.036896
1645.573364 1302.096680 -265.666321
1846.289551 1392.491943 -127.086067
1703.797607 1388.492676 -95.764977
1843.688843 1336.335449 -141.909515
1706.811035 1341.143311 -80.538948

AREA
1825.339233 1421.041748 -207.186539
1682.641968 1426.063477 -206.441696
1824.289795 1405.881714 -306.025177
1681.592529 1410.903442 -305.280334
1825.708984 1373.671143 -223.118439
1683.217041 1369.671875 -191.797348
1805.128418 1354.850342 -319.150818
1662.636475 1350.851074 -287.829712
1826.388672 1436.201782 -108.347908
1683.691406 1441.223511 -107.603065
1826.758423 1388.831177 -124.279808
1684.266479 1384.831909 -92.958717

AREA
1823.030151 1475.436157 -181.542542
1684.525269 1474.609985 -221.610199
1850.649902 1462.268188 -276.746307
1712.145020 1461.442017 -316.813965
1825.339233 1421.041748 -207.186539
1682.641968 1426.063477 -206.441696
1824.289795 1405.881714 -306.025177
1681.592529 1410.903442 -305.280334
1795.410400 1488.604126 -86.338783
1656.905518 1487.777954 -126.406441
1797.719482 1434.209717 -111.982780
1655.022217 1439.231445 -111.237938

AREA
1819.120605 1523.208008 -158.362488
1685.751953 1524.744507 -235.734131
1868.889893 1512.026245 -244.374023
1735.521240 1513.562744 -321.745667
1823.030151 1475.436157 -181.542542
1684.525269 1474.609985 -221.610199
1850.649902 1462.268188 -276.746307
1712.145020 1461.442017 -316.813965
1769.351318 1534.389771 -72.350960
1635.982666 1535.926270 -149.722595
1773.260864 1486.617920 -95.531013
1634.755981 1485.791748 -135.598663

AREA
1799.264526 1574.619141 -144.194214
1686.340454 1580.033691 -249.776886
1867.196777 1567.386353 -217.220871
1754.272705 1572.800903 -322.803528
1819.120605 1523.208008 -158.362488
1685.751953 1524.744507 -235.734131
1868.889893 1512.026245 -244.374023
1735.521240 1513.562744 -321.745667
1731.332275 1581.851929 -71.167557
1618.408203 1587.266479 -176.750229
1751.188354 1530.440796 -85.335831
1617.819702 1531.977295 -162.707474

AREA
1772.694702 1626.669922 -130.073776
1716.726929 1630.820068 -246.913528
1858.759644 1598.228760 -172.310287
1802.791870 1602.378906 -289.150024
1799.264526 1574.619141 -144.194214
1686.340454 1580.033691 -249.776886
1867.196777 1567.386353 -217.220871
1754.272705 1572.800903 -322.803528
1686.629761 1655.111084 -87.837265
1630.661987 1659.261230 -204.677017
1713.199585 1603.060303 -101.957703
1600.275513 1608.474854 -207.540375

AREA
1738.830933 1680.589355 -130.736328
1754.433472 1680.986084 -239.619293
1829.948120 1641.463013 -117.821999
1845.550659 1641.859741 -226.704971
1772.694702 1626.669922 -130.073776
1716.726929 1630.820068 -246.913528
1858.759644 1598.228760 -172.310287
1802.791870 1602.378906 -289.150024
1647.713745 1719.715698 -143.650650
1663.316284 1720.112427 -252.533615
1681.577515 1665.796265 -142.988098
1625.609741 1669.946411 -259.827850

AREA
1707.378052 1729.420288 -142.122894
1777.880493 1727.778931 -216.586716
1776.021484 1698.207642 -76.443054
1846.523926 1696.566284 -150.906876
1738.830933 1680.589355 -130.736328
1754.433472 1680.986084 -239.619293
1829.948120 1641.463013 -117.821999
1845.550659 1641.859741 -226.704971
1638.734619 1760.632935 -207.802734
1709.237061 1758.991577 -282.266541
1670.187500 1711.802002 -196.416168
1685.790039 1712.198730 -305.299133

AREA
1689.533081 1784.650024 -154.767487
1795.348511 1778.941528 -189.097900
1717.336426 1753.521484 -63.894005
1823.151855 1747.812988 -98.224419
1707.378052 1729.420288 -142.122894
1777.880493 1727.778931 -216.586716
1776.021484 1698.207642 -76.443054
1846.523926 1696.566284 -150.906876
1661.729736 1815.778564 -245.640961
1767.545166 1810.070068 -279.971375
1679.574707 1760.548828 -232.996368
1750.077148 1758.907471 -307.460205

AREA
1679.841309 1832.522827 -161.936447
1810.595581 1832.744263 -171.010483
1686.630005 1810.384033 -64.654457
1817.384277 1810.605469 -73.728493
1689.533081 1784.650024 -154.767487
1795.348511 1778.941528 -189.097900
1717.336426 1753.521484 -63.894005
1823.151855 1747.812988 -98.224419
1673.052612 1854.661621 -259.218445
1803.806885 1854.883057 -268.292480
1682.744385 1806.788818 -252.049469
1788.559814 1801.080322 -286.379883

AREA
1695.925171 1906.867676 -164.164780
1823.515015 1865.824097 -163.488327
1691.845581 1895.822388 -64.860405
1819.435425 1854.778809 -64.183952
1679.841309 1832.522827 -161.936447
1810.595581 1832.744263 -171.010483
1686.630005 1810.384033 -64.654457
1817.384277 1810.605469 -73.728493
1700.004761 1917.912964 -263.469147
1827.594604 1876.869385 -262.792694
1683.920898 1843.568115 -261.240814
1814.675171 1843.789551 -270.314850

AREA
1707.317261 1957.176025 -164.146652
1844.140991 1911.964966 -163.506454
1706.909546 1957.358032 -64.147644
1843.733276 1912.146973 -63.507446
1695.925171 1906.867676 -164.164780
1823.515015 1865.824097 -163.488327
1691.845581 1895.822388 -64.860405
1819.435425 1854.778809 -64.183952
1707.724976 1956.994019 -264.145660
1844.548706 1911.782959 -263.505463
1696.332886 1906.685669 -264.163788
1823.922729 1865.642090 -263.487335

AREA
1746.520142 2023.821045 -164.159485
1858.957153 1946.040039 -163.493622
1746.067627 2024.023071 -64.160706
1858.504639 1946.242065 -63.494843
1707.317261 1957.176025 -164.146652
1844.140991 1911.964966 -163.506454
1706.909546 1957.358032 -64.147644
1843.733276 1912.146973 -63.507446
1746.972656 2023.619019 -264.158264
1859.409668 1945.838013 -263.492401
1707.769775 1956.973999 -264.145447
1844.593506 1911.762939 -263.505249

AREA
1791.874756 2069.646729 -164.154221
1880.126465 1961.502319 -163.498886
1791.580322 2070.012451 -64.155327
1879.832031 1961.868042 -63.499992
1746.520142 2023.821045 -164.159485
1858.957153 1946.040039 -163.493622
1746.067627 2024.023071 -64.160706
1858.504639 1946.242065 -63.494843
1792.169189 2069.281006 -264.153107
1880.420898 1961.136597 -263.497772
1746.814575 2023.455322 -264.158386
1859.251587 1945.674316 -263.492523

AREA
1848.590088 2119.846680 -164.133957
1900.480957 1975.953857 -163.519165
1848.360474 2120.191162 -64.134811
1900.251343 1976.298340 -63.520020
1791.874756 2069.646729 -164.154221
1880.126465 1961.502319 -163.498886
1791.580322 2070.012451 -64.155327
1879.832031 1961.868042 -63.499992
1848.819702 2119.502197 -264.133118
1900.710571 1975.609375 -263.518311
1792.104370 2069.302246 -264.153381
1880.356079 1961.157837 -263.498047

AREA
1897.620483 2130.076416 -164.159531
1948.589722 2003.239868 -163.493576
1897.376587 2130.503418 -64.160744
1948.345825 2003.666870 -63.494789
1848.590088 2119.846680 -164.133957
1900.480957 1975.953857 -163.519165
1848.360474 2120.191162 -64.134811
1900.251343 1976.298340 -63.520020
1897.864380 2129.649414 -264.158325
1948.833618 2002.812866 -263.492371
1848.833984 2119.419678 -264.132751
1900.724854 1975.526855 -263.517944

AREA
1948.998657 2141.192383 -164.137604
1998.309204 1999.288452 -163.515503
1949.028931 2141.641357 -64.138611
1998.339478 1999.737427 -63.516510
1897.620483 2130.076416 -164.159531
1948.589722 2003.239868 -163.493576
1897.376587 2130.503418 -64.160744
1948.345825 2003.666870 -63.494789
1948.968384 2140.743408 -264.136597
1998.278931 1998.839478 -263.514496
1897.590210 2129.627441 -264.158508
1948.559448 2002.790894 -263.492554

AREA
2037.193115 2144.758301 -164.137589
2020.962158 1995.386963 -163.515518
2037.220947 2145.171631 -64.138443
2020.989990 1995.800415 -63.516373
1948.998657 2141.192383 -164.137604
1998.309204 1999.288452 -163.515503
1949.028931 2141.641357 -64.138611
1998.339478 1999.737427 -63.516510
2037.165283 2144.344971 -264.136719
2020.934326 1994.973511 -263.514648
1948.970825 2140.779053 -264.136749
1998.281372 1998.875000 -263.514648

AREA
2088.926025 2135.694336 -164.145065
2065.264404 1992.507935 -163.508041
2088.955811 2136.134277 -64.146042
2065.294189 1992.947876 -63.509018
2037.193115 2144.758301 -164.137589
2020.962158 1995.386963 -163.515518
2037.220947 2145.171631 -64.138443
2020.989990 1995.800415 -63.516373
2088.896240 2135.254395 -264.144104
2065.234619 1992.067993 -263.507080
2037.163330 2144.318359 -264.136597
2020.932373 1994.947021 -263.514526

AREA
2139.116943 2126.838135 -164.147034
2115.142334 1984.979614 -163.506073
2139.183350 2127.278809 -64.148026
2115.208740 1985.420166 -63.507065
2088.926025 2135.694336 -164.145065
2065.264404 1992.507935 -163.508041
2088.955811 2136.134277 -64.146042
2065.294189 1992.947876 -63.509018
2139.050537 2126.397461 -264.146057
2115.075928 1984.539062 -263.505066
2088.859619 2135.253662 -264.144073
2065.197998 1992.067383 -263.507050

AREA
2187.376709 2120.238037 -164.144684
2171.732666 1975.713379 -163.508438
2187.447998 2120.670654 -64.145653
2171.803955 1976.145874 -63.509407
2139.116943 2126.838135 -164.147034
2115.142334 1984.979614 -163.506073
2139.183350 2127.278809 -64.148026
2115.208740 1985.420166 -63.507065
2187.305420 2119.805420 -264.143707
2171.661377 1975.280884 -263.507477
2139.045654 2126.405518 -264.146057
2115.071045 1984.547119 -263.505096

AREA
2243.941406 2113.147949 -164.141647
2219.904785 1967.739868 -163.511459
2244.010742 2113.569824 -64.142555
2219.974121 1968.161743 -63.512367
2187.376709 2120.238037 -164.144684
2171.732666 1975.713379 -163.508438
2187.447998 2120.670654 -64.145653
2171.803955 1976.145874 -63.509407
2243.872070 2112.726074 -264.140747
2219.835449 1967.317993 -263.510559
2187.307373 2119.816162 -264.143768
2171.663330 1975.291504 -263.507538

AREA
2293.630127 2108.530029 -164.148788
2271.290771 1968.000610 -163.508530
2293.635010 2108.984863 -64.149818
2271.295654 1968.455444 -63.509560
2243.941406 2113.147949 -164.141647
2219.904785 1967.739868 -163.511459
2244.010742 2113.569824 -64.142555
2219.974121 1968.161743 -63.512367
2293.625244 2108.075195 -264.147766
2271.285889 1967.545776 -263.507507
2243.936523 2112.693115 -264.140625
2219.899902 1967.285034 -263.510437

AREA
2311.703857 2114.461426 -164.142456
2344.291748 1970.692139 -163.522797
2311.696533 2114.890869 -64.143379
2344.284424 1971.121460 -63.523720
2293.630127 2108.530029 -164.148788
2271.290771 1968.000610 -163.508530
2293.635010 2108.984863 -64.149818
2271.295654 1968.455444 -63.509560
2311.711182 2114.031982 -264.141541
2344.299072 1970.262817 -263.521881
2293.637451 2108.100586 -264.147858
2271.298096 1967.571289 -263.507599

AREA
2357.245850 2128.697754 -164.142624
2398.309814 1984.287109 -163.531342
2357.154541 2129.095215 -64.143448
2398.218506 1984.684448 -63.532166
2311.703857 2114.461426 -164.142456
2344.291748 1970.692139 -163.522797
2311.696533 2114.890869 -64.143379
2344.284424 1971.121460 -63.523720
2357.337158 2128.300293 -264.141785
2398.401123 1983.889771 -263.530518
2311.795166 2114.063965 -264.141632
2344.383057 1970.294800 -263.521973

AREA
2358.100830 2134.907959 -164.149216
2463.320068 2034.282471 -163.530518
2357.835449 2135.245361 -64.150131
2463.054688 2034.619873 -63.531433
2357.245850 2128.697754 -164.142624
2398.309814 1984.287109 -163.531342
2357.154541 2129.095215 -64.143448
2398.218506 1984.684448 -63.532166
2358.366211 2134.570557 -264.148315
2463.585449 2033.945068 -263.529602
2357.511230 2128.360352 -264.141724
2398.575195 1983.949707 -263.530426

AREA
2380.864502 2154.644775 -164.170105
2504.668701 2101.635498 -163.515244
2380.446533 2154.903809 -64.171318
2504.250732 2101.894531 -63.516457
2358.100830 2134.907959 -164.149216
2463.320068 2034.282471 -163.530518
2357.835449 2135.245361 -64.150131
2463.054688 2034.619873 -63.531433
2381.282471 2154.385742 -264.168884
2505.086670 2101.376465 -263.514038
2358.518799 2134.648926 -264.148010
2463.738037 2034.023438 -263.529297

AREA
2397.667236 2186.912109 -164.181305
2523.178955 2152.713379 -163.507141
2397.179199 2187.092773 -64.182655
2522.690918 2152.894043 -63.508492
2380.864502 2154.644775 -164.170105
2504.668701 2101.635498 -163.515244
2380.446533 2154.903809 -64.171318
2504.250732 2101.894531 -63.516457
2398.155273 2186.731445 -264.179962
2523.666992 2152.532715 -263.505798
2381.352539 2154.464111 -264.168762
2505.156738 2101.454834 -263.513885

AREA
2419.167236 2232.994141 -164.194504
2540.141846 2199.969238 -163.497299
2418.643066 2233.185303 -64.196060
2539.617676 2200.160400 -63.498856
2397.667236 2186.912109 -164.181305
2523.178955 2152.713379 -163.507141
2397.179199 2187.092773 -64.182655
2522.690918 2152.894043 -63.508492
2419.691406 2232.802979 -264.192932
2540.666016 2199.778076 -263.495728
2398.191406 2186.720947 -264.179749
2523.703125 2152.522217 -263.505585

AREA
2427.291992 2273.589111 -164.176575
2559.599121 2255.887939 -163.517639
2426.817139 2273.762695 -64.177841
2559.124268 2256.061523 -63.518906
2419.167236 2232.994141 -164.194504
2540.141846 2199.969238 -163.497299
2418.643066 2233.185303 -64.196060
2539.617676 2200.160400 -63.498856
2427.766846 2273.415527 -264.175293
2560.073975 2255.714355 -263.516357
2419.642090 2232.820557 -264.193237
2540.616699 2199.795654 -263.496033

AREA
2436.897461 2322.970215 -164.194580
2561.810059 2306.612305 -163.500671
2436.345215 2322.994629 -64.196106
2561.257812 2306.636719 -63.502197
2427.291992 2273.589111 -164.176575
2559.599121 2255.887939 -163.517639
2426.817139 2273.762695 -64.177841
2559.124268 2256.061523 -63.518906
2437.449707 2322.945801 -264.193054
2562.362305 2306.587891 -263.499146
2427.844238 2273.564697 -264.175049
2560.151367 2255.863525 -263.516113

AREA
2437.424805 2368.559814 -164.197250
2562.352051 2365.648682 -163.498093
2436.865234 2368.562744 -64.198814
2561.792480 2365.651611 -63.499657
2436.897461 2322.970215 -164.194580
2561.810059 2306.612305 -163.500671
2436.345215 2322.994629 -64.196106
2561.257812 2306.636719 -63.502197
2437.984375 2368.556885 -264.195679
2562.911621 2365.645752 -263.496521
2437.457031 2322.967285 -264.193024
2562.369629 2306.609375 -263.499115

AREA
2437.417236 2416.575195 -164.196594
2562.629150 2417.279785 -163.498764
2436.859863 2416.578125 -64.198143
2562.071777 2417.282715 -63.500313
2437.424805 2368.559814 -164.197250
2562.352051 2365.648682 -163.498093
2436.865234 2368.562744 -64.198814
2561.792480 2365.651611 -63.499657
2437.974609 2416.572266 -264.195038
2563.186523 2417.276855 -263.497223
2437.982178 2368.556885 -264.195709
2562.909424 2365.645752 -263.496552

AREA
2437.429199 2470.191895 -164.195770
2562.913086 2473.816895 -163.499634
2436.874268 2470.194824 -64.197311
2562.358154 2473.819824 -63.501175
2437.417236 2416.575195 -164.196594
2562.629150 2417.279785 -163.498764
2436.859863 2416.578125 -64.198143
2562.071777 2417.282715 -63.500313
2437.984131 2470.188965 -264.194214
2563.468018 2473.813965 -263.498108
2437.972168 2416.572266 -264.195068
2563.184082 2417.276855 -263.497223

AREA
2437.426270 2526.128906 -164.195068
2563.185547 2522.957520 -163.500336
2436.874023 2526.131836 -64.196594
2562.633301 2522.960449 -63.501862
2437.429199 2470.191895 -164.195770
2562.913086 2473.816895 -163.499634
2436.874268 2470.194824 -64.197311
2562.358154 2473.819824 -63.501175
2437.978516 2526.125977 -264.193542
2563.737793 2522.954590 -263.498810
2437.981445 2470.188965 -264.194244
2563.465332 2473.813965 -263.498108

AREA
2437.416992 2574.154785 -164.194443
2563.464355 2574.578125 -163.500992
2436.866943 2574.157715 -64.195953
2562.914307 2574.581055 -63.502502
2437.426270 2526.128906 -164.195068
2563.185547 2522.957520 -163.500336
2436.874023 2526.131836 -64.196594
2562.633301 2522.960449 -63.501862
2437.967041 2574.151855 -264.192932
2564.014404 2574.575195 -263.499481
2437.976318 2526.125977 -264.193542
2563.735596 2522.954590 -263.498840

AREA
2437.454346 2630.073975 -164.193558
2563.696045 2623.736572 -163.501907
2436.906738 2630.076904 -64.195053
2563.148438 2623.739502 -63.503403
2437.416992 2574.154785 -164.194443
2563.464355 2574.578125 -163.500992
2436.866943 2574.157715 -64.195953
2562.914307 2574.581055 -63.502502
2438.001953 2630.071045 -264.192078
2564.243652 2623.733643 -263.500427
2437.964600 2574.151855 -264.192932
2564.011963 2574.575195 -263.499512

AREA
2437.461182 2675.821289 -164.192780
2563.985596 2682.711426 -163.502686
2436.915527 2675.824219 -64.194267
2563.439941 2682.714355 -63.504173
2437.454346 2630.073975 -164.193558
2563.696045 2623.736572 -163.501907
2436.906738 2630.076904 -64.195053
2563.148438 2623.739502 -63.503403
2438.006836 2675.818359 -264.191284
2564.531250 2682.708496 -263.501190
2438.000000 2630.071045 -264.192078
2564.241699 2623.733643 -263.500427

AREA
2437.416748 2731.732666 -164.192368
2564.299072 2731.878174 -163.503159
2436.873535 2731.735596 -64.193848
2563.755859 2731.881104 -63.504639
2437.461182 2675.821289 -164.192780
2563.985596 2682.711426 -163.502686
2436.915527 2675.824219 -64.194267
2563.439941 2682.714355 -63.504173
2437.959961 2731.729736 -264.190887
2564.842285 2731.875244 -263.501678
2438.004395 2675.818359 -264.191284
2564.528809 2682.708496 -263.501221

AREA
2437.441895 2776.453369 -164.191681
2564.489258 2771.219971 -163.503845
2436.900635 2776.456299 -64.193138
2563.947998 2771.222900 -63.505302
2437.416748 2731.732666 -164.192368
2564.299072 2731.878174 -163.503159
2436.873535 2731.735596 -64.193848
2563.755859 2731.881104 -63.504639
2437.983154 2776.450439 -264.190216
2565.030518 2771.217041 -263.502380
2437.958008 2731.729736 -264.190918
2564.840332 2731.875244 -263.501709

